0.65535868 0.04612223 0.01004854
0.65786642 0.04765333 0.02542354
0.66036512 0.04912066 0.04217538
0.66285498 0.0505238 0.05789335
0.66533612 0.05186109 0.07205007
0.66780875 0.05313275 0.08520571
0.67027303 0.05433773 0.09767423
0.67272909 0.05547451 0.1096501
0.67517714 0.05654307 0.12125485
0.67761726 0.05754076 0.13258343
0.68004966 0.05846795 0.14369242
0.68247438 0.05932159 0.1546368
0.6848916 0.06010172 0.16544711
0.68730136 0.06080564 0.17615655
0.68970375 0.06143225 0.18678614
0.69209883 0.06198018 0.19735327
0.69448653 0.06244612 0.20787835
0.69686689 0.06282947 0.21836982
0.69923983 0.0631281 0.22883904
0.70160522 0.0633394 0.23929696
0.70396289 0.06346097 0.24975213
0.70631265 0.06349108 0.26021007
0.70865421 0.06342731 0.27067728
0.71098724 0.06326717 0.2811595
0.71331131 0.06300815 0.29166185
0.71562592 0.06264765 0.30218894
0.7179305 0.06218309 0.31274488
0.72022437 0.06161187 0.32333344
0.72250676 0.0609314 0.33395796
0.7247768 0.06013917 0.34462152
0.72703349 0.05923272 0.35532683
0.72927573 0.05820967 0.36607648
0.73150219 0.05706627 0.3768755
0.73371159 0.05580196 0.38772323
0.73590239 0.05441521 0.39862129
0.7380728 0.05290232 0.40957507
0.74022109 0.05126466 0.42058238
0.74234515 0.0495003 0.43164709
0.74444284 0.04761121 0.44276822
0.74651168 0.04559729 0.45394921
0.74854916 0.04346394 0.46518763
0.75055242 0.04121528 0.47648529
0.7525184 0.0388505 0.48784251
0.7544439 0.03645926 0.49925721
0.75632545 0.03408291 0.51072854
0.75815929 0.03174831 0.52225503
0.75994147 0.02948551 0.53383453
0.76166776 0.02732798 0.54546419
0.76333372 0.02531274 0.55714038
0.76493465 0.02348063 0.56885869
0.7664656 0.02187605 0.5806143
0.76792122 0.02054655 0.59240281
0.76929631 0.01954659 0.60421532
0.7705851 0.01893215 0.61604568
0.77178182 0.018765 0.62788485
0.7728804 0.01911046 0.63972387
0.77387487 0.02003913 0.65155113
0.77475875 0.02162402 0.66335689
0.77552587 0.02394353 0.6751277
0.77616997 0.02707901 0.68685004
0.77668476 0.0311147 0.69850975
0.7770641 0.03613738 0.71009176
0.77730201 0.04218355 0.72158015
0.77739279 0.04882661 0.73295835
0.77733105 0.05592831 0.74420931
0.7771118 0.06342688 0.75531563
0.77673031 0.07126925 0.76626052
0.77618272 0.0794094 0.77702593
0.77546565 0.08780745 0.78759466
0.77457604 0.09642886 0.79795076
0.77351198 0.10524245 0.80807774
0.77227191 0.11422062 0.81796091
0.77085515 0.1233381 0.82758629
0.76926168 0.13257182 0.83694131
0.76749221 0.14190035 0.84601468
0.76554808 0.15130393 0.8547968
0.76343138 0.16076397 0.86327941
0.76114464 0.17026336 0.87145616
0.75869111 0.17978594 0.87932207
0.75607441 0.18931686 0.88687396
0.75329862 0.19884228 0.89411011
0.75036817 0.20834949 0.90103038
0.74728785 0.21782672 0.90763592
0.74406252 0.22726343 0.91392933
0.74069745 0.23664978 0.91991421
0.73719777 0.24597721 0.92559542
0.7335689 0.25523778 0.93097857
0.72981607 0.26442469 0.93607022
0.72594469 0.27353174 0.9408775
0.72195987 0.28255377 0.94540824
0.71786692 0.29148604 0.94967059
0.7136706 0.30032493 0.95367321
0.70937611 0.30906686 0.95742486
0.70498782 0.31770951 0.96093466
0.70051036 0.32625066 0.96421169
0.69594812 0.33468863 0.96726514
0.69130498 0.34302246 0.97010416
0.6865849 0.35125132 0.97273782
0.68179164 0.35937476 0.97517505
0.67692842 0.36739291 0.97742465
0.6719984 0.37530605 0.9794952
0.66700459 0.38311469 0.98139507
0.66194975 0.39081953 0.98313236
0.6568362 0.39842173 0.98471491
0.65166616 0.40592246 0.98615029
0.6464416 0.4133231 0.98744576
0.64116427 0.42062516 0.98860825
0.63583568 0.42783027 0.98964442
0.63045715 0.43494017 0.99056058
0.62502971 0.44195671 0.99136272
0.61955416 0.44888185 0.99205649
0.61403111 0.45571757 0.99264722
0.60846094 0.46246593 0.99313992
0.60284384 0.469129 0.99353925
0.59717979 0.4757089 0.99384956
0.59146855 0.48220778 0.99407486
0.58570972 0.48862779 0.99421886
0.57990267 0.49497107 0.99428493
0.57404662 0.50123978 0.99427613
0.56814059 0.50743606 0.99419521
0.56218344 0.51356202 0.99404462
0.55617387 0.51961977 0.99382651
0.55011043 0.52561136 0.99354271
0.54399153 0.53153882 0.9931948
0.53781544 0.53740412 0.99278406
0.53158029 0.5432092 0.99231147
0.52528413 0.54895595 0.99177778
0.51892487 0.55464618 0.99118346
0.51250036 0.56028165 0.99052872
0.50600839 0.56586404 0.98981356
0.49944666 0.57139497 0.98903772
0.49281285 0.57687597 0.98820072
0.48610462 0.5823085 0.98730189
0.4793196 0.58769392 0.98634035
0.47245545 0.59303352 0.98531504
0.46550988 0.59832847 0.98422475
0.45848062 0.60357988 0.98306808
0.4513655 0.60878873 0.98184354
0.44416243 0.61395591 0.98054948
0.43686947 0.61908223 0.97918419
0.42948482 0.62416836 0.97774587
0.42200685 0.6292149 0.97623265
0.41443414 0.63422231 0.97464264
0.40676549 0.63919099 0.97297393
0.39900001 0.6441212 0.97122466
0.39113704 0.64901311 0.96939296
0.38317623 0.65386681 0.96747703
0.37511758 0.6586823 0.96547518
0.36696145 0.66345948 0.9633858
0.35870858 0.66819817 0.96120743
0.35036012 0.67289813 0.95893877
0.34191779 0.67755901 0.95657877
0.33338357 0.68218046 0.95412647
0.32475992 0.68676208 0.95158116
0.31604978 0.69130342 0.94894237
0.3072566 0.69580401 0.94620987
0.29838473 0.70026329 0.94338389
0.28943834 0.70468084 0.9404646
0.28042229 0.70905619 0.93745255
0.2713422 0.71338889 0.93434864
0.2622045 0.71767844 0.93115419
0.25301503 0.72192461 0.92787029
0.24378113 0.72612703 0.92449868
0.23451073 0.73028542 0.92104138
0.22521092 0.7343998 0.91749997
0.21589201 0.73846985 0.91387744
0.20656141 0.74249589 0.9101753
0.19723098 0.74647777 0.90639693
0.18790944 0.75041602 0.90254401
0.17861047 0.75431069 0.89862017
0.16934506 0.75816246 0.89462733
0.16012713 0.76197187 0.89056817
0.15097386 0.76573938 0.88644614
0.14190087 0.76946595 0.88226296
0.1329281 0.77315241 0.87802115
0.12407858 0.77679968 0.87372308
0.11537957 0.78040875 0.86937106
0.10686324 0.78398067 0.8649672
0.09856704 0.78751668 0.86051289
0.09053712 0.79101797 0.85600966
0.08282936 0.7944858 0.85145873
0.075512 0.79792142 0.84686128
0.06866711 0.80132609 0.84221829
0.06239013 0.80470121 0.83752981
0.0567914 0.80804811 0.83279583
0.05199186 0.81136816 0.82801602
0.04811846 0.81466246 0.82319115
0.04528328 0.81793243 0.81831976
0.04357124 0.82117942 0.81339994
0.04303076 0.82440429 0.80843308
0.04364513 0.82760863 0.80341448
0.04535609 0.83079313 0.79834556
0.04805322 0.83395922 0.79322133
0.05161012 0.83710757 0.78804217
0.05588791 0.84023927 0.78280412
0.06075636 0.84335521 0.77750413
0.0661015 0.84645596 0.77214115
0.07182503 0.84954232 0.76671132
0.07784721 0.85261494 0.76121098
0.084105 0.85567433 0.75563697
0.09054918 0.85872094 0.749986
0.09714194 0.86175511 0.74425459
0.1038547 0.86477713 0.73843914
0.11066615 0.86778721 0.73253593
0.11756078 0.87078547 0.7265411
0.12452755 0.87377196 0.72045067
0.13155891 0.87674668 0.71426056
0.13865002 0.87970952 0.70796659
0.14579812 0.88266033 0.70156447
0.15300204 0.8855989 0.6950498
0.16026152 0.88852487 0.68841907
0.16757694 0.89143781 0.68166931
0.17495026 0.89433747 0.67479383
0.18238344 0.89722339 0.66778783
0.18987716 0.90009483 0.66065101
0.19743481 0.90295146 0.65337495
0.20505841 0.90579264 0.64595567
0.212749 0.90861762 0.6383914
0.22051049 0.91142594 0.63067239
0.22834201 0.91421664 0.62280075
0.23624833 0.9169893 0.61476379
0.24422766 0.9197429 0.60656428
0.25228423 0.92247694 0.59818978
0.26041676 0.92519047 0.5896401
0.26862725 0.92788281 0.5809066
0.27691682 0.93055321 0.57198198
0.28528317 0.93320075 0.56286541
0.29372913 0.93582479 0.55354404
0.3022545 0.93842451 0.54401067
0.31085609 0.94099906 0.53426337
0.31953606 0.94354775 0.52428776
0.32829374 0.94606981 0.51407435
0.3371282 0.94856447 0.50361276
0.34603654 0.95103098 0.49289543
0.3550192 0.95346865 0.48190607
0.36407528 0.95587674 0.47062942
0.37320343 0.95825456 0.45904902
0.38240221 0.96060143 0.44714612
0.39167011 0.96291667 0.43489917
0.40100558 0.96519966 0.42228327
0.41040702 0.96744976 0.40926937
0.41987245 0.96966638 0.39582409
0.42940052 0.97184892 0.38190624
0.43898985 0.97399681 0.36746644
0.44863879 0.97610948 0.35244542
0.4583457 0.97818641 0.3367701
0.46810894 0.98022706 0.3203489
0.4779261 0.98223101 0.30306677
0.48779607 0.98419773 0.28476928
0.49771732 0.98612677 0.26524969
0.50768829 0.98801767 0.24421878
0.51770748 0.98986999 0.22125155
0.52777342 0.99168334 0.19568083
0.53788468 0.99345728 0.16635353
0.54803986 0.99519145 0.13094595
0.55823761 0.99688544 0.08315849
