0.02586988 0.13396061 0.22008069
0.0293268 0.13607927 0.22570997
0.0329528 0.1381714 0.23137885
0.03675548 0.1402362 0.23708894
0.04073682 0.14227325 0.24283975
0.04471234 0.14428193 0.2486316
0.04865358 0.1462615 0.25446542
0.05256964 0.1482115 0.26034038
0.05646862 0.15013121 0.26625704
0.06035752 0.15201983 0.27221591
0.06424214 0.15387684 0.27821626
0.06812779 0.15570151 0.2842581
0.07201927 0.157493 0.29034184
0.07592078 0.15925055 0.2964673
0.07983593 0.16097348 0.30263393
0.08376813 0.16266099 0.30884152
0.08772045 0.16431225 0.31508979
0.0916957 0.16592642 0.32137843
0.09569644 0.16750266 0.32770702
0.09972503 0.16904008 0.3340751
0.10378361 0.17053779 0.34048212
0.10787418 0.17199489 0.34692745
0.11199855 0.17341048 0.3534104
0.11615841 0.1747836 0.35993016
0.1203553 0.17611334 0.36648586
0.12459064 0.17739873 0.37307654
0.12886572 0.17863883 0.37970113
0.13318174 0.17983267 0.38635848
0.13753977 0.18097931 0.39304731
0.14194112 0.18207751 0.39976694
0.1463865 0.18312643 0.40651554
0.15087658 0.18412521 0.41329131
0.15541222 0.18507276 0.42009288
0.15999435 0.18596787 0.42691905
0.16462299 0.18680996 0.43376702
0.16929911 0.18759771 0.44063571
0.1740228 0.18833037 0.44752252
0.17879446 0.18900695 0.45442546
0.1836143 0.18962653 0.46134218
0.1884825 0.1901882 0.46827034
0.19339886 0.19069131 0.47520696
0.19836383 0.19113463 0.48215018
0.20337673 0.19151787 0.48909625
0.20843754 0.19184013 0.49604259
0.21354618 0.19210056 0.50298647
0.2187019 0.19229888 0.5099241
0.22390422 0.19243453 0.51685223
0.22915259 0.19250707 0.52376742
0.23444654 0.19251594 0.53066641
0.2397851 0.19246105 0.53754521
0.24516736 0.19234229 0.54439994
0.25059237 0.1921596 0.55122669
0.25605905 0.19191308 0.55802144
0.26156626 0.19160292 0.56478007
0.26711275 0.19122948 0.57149835
0.27269719 0.19079325 0.57817202
0.27831815 0.19029487 0.58479675
0.28397436 0.18973492 0.59136838
0.28966402 0.18911457 0.59788226
0.2953855 0.18843495 0.60433395
0.30113705 0.1876974 0.61071901
0.30691706 0.18690325 0.61703316
0.31272376 0.18605406 0.6232721
0.31855508 0.18515193 0.62943125
0.3244092 0.18419878 0.63550646
0.33028436 0.18319663 0.64149369
0.33617828 0.18214824 0.64738857
0.34208933 0.18105578 0.65318745
0.34801526 0.17992235 0.65888623
0.35395426 0.17875068 0.66448139
0.35990423 0.17754404 0.6699693
0.36586333 0.1763056 0.67534668
0.37182949 0.17503895 0.68061028
0.37780097 0.17374752 0.68575725
0.38377568 0.17243533 0.69078466
0.38975207 0.17110598 0.69569013
0.39572813 0.16976377 0.70047119
0.40170223 0.16841276 0.70512577
0.40767275 0.16705715 0.70965202
0.41363799 0.16570146 0.71404822
0.4195965 0.16435 0.71831298
0.42554682 0.16300733 0.72244508
0.4314875 0.16167809 0.72644352
0.43741728 0.16036683 0.73030755
0.44333494 0.15907819 0.7340366
0.44923925 0.15781688 0.73763032
0.45512915 0.15658757 0.74108854
0.46100367 0.15539479 0.7444113
0.46686181 0.15424324 0.7475988
0.47270272 0.15313743 0.75065142
0.47852558 0.15208184 0.75356969
0.4843297 0.15108083 0.75635429
0.49011436 0.15013869 0.75900604
0.49587897 0.14925958 0.76152588
0.50162296 0.1484475 0.76391488
0.50734584 0.14770628 0.7661742
0.51304714 0.14703961 0.76830509
0.51872647 0.14645097 0.77030891
0.52438345 0.14594363 0.77218708
0.53001777 0.14552063 0.77394108
0.53562913 0.14518479 0.77557246
0.54121726 0.14493869 0.7770828
0.54678195 0.14478464 0.77847376
0.55232297 0.1447247 0.779747
0.55784015 0.14476065 0.78090421
0.56333331 0.14489401 0.78194712
0.5688023 0.14512603 0.78287747
0.57424697 0.1454577 0.783697
0.57966719 0.14588972 0.78440746
0.58506283 0.14642256 0.78501061
0.59043377 0.14705643 0.7855082
0.59577987 0.14779128 0.785902
0.601101 0.14862688 0.78619372
0.60639704 0.14956273 0.78638513
0.61166784 0.15059819 0.78647793
0.61691326 0.15173239 0.78647384
0.62213313 0.15296432 0.78637455
0.62732729 0.15429282 0.78618176
0.63249555 0.15571661 0.78589713
0.6376377 0.15723427 0.78552232
0.64275354 0.1588443 0.78505897
0.64784283 0.16054514 0.78450871
0.65290531 0.16233514 0.78387317
0.6579407 0.16421263 0.78315394
0.66294872 0.16617588 0.78235263
0.66792903 0.16822318 0.78147083
0.6728813 0.17035277 0.78051013
0.67780516 0.17256292 0.7794721
0.68270021 0.17485192 0.77835834
0.68756605 0.17721807 0.77717042
0.69240222 0.1796597 0.77590994
0.69720826 0.1821752 0.77457849
0.70198367 0.18476296 0.77317766
0.70672794 0.18742145 0.77170909
0.7114405 0.19014919 0.77017441
0.7161208 0.19294473 0.76857529
0.72076823 0.1958067 0.76691338
0.72538217 0.19873375 0.76519039
0.72996196 0.20172461 0.76340808
0.73450695 0.20477805 0.7615682
0.73901642 0.2078929 0.75967257
0.74348966 0.21106803 0.75772302
0.74792594 0.21430235 0.75572145
0.7523245 0.21759483 0.75366979
0.75668457 0.22094447 0.75157005
0.76100535 0.22435029 0.74942425
0.76528606 0.22781138 0.74723449
0.76952586 0.23132682 0.74500292
0.77372395 0.23489573 0.74273177
0.7778795 0.23851725 0.7404233
0.78199169 0.24219053 0.73807984
0.78605969 0.24591474 0.73570381
0.79008267 0.24968904 0.73329767
0.79405983 0.2535126 0.73086394
0.79799036 0.25738459 0.7284052
0.80187349 0.26130418 0.72592409
0.80570845 0.26527049 0.72342336
0.8094945 0.26928267 0.72090575
0.81323094 0.27333984 0.71837405
0.81691709 0.2774411 0.71583109
0.82055231 0.28158552 0.71327984
0.824136 0.28577213 0.71072324
0.82766762 0.28999997 0.70816417
0.83114667 0.29426805 0.70560559
0.8345727 0.2985753 0.70305065
0.83794532 0.30292066 0.70050224
0.8412642 0.30730308 0.69796328
0.84452909 0.31172138 0.6954369
0.84773978 0.31617444 0.692926
0.85089613 0.32066113 0.69043333
0.8539981 0.32518016 0.68796212
0.85704568 0.32973039 0.68551485
0.86003895 0.33431057 0.68309444
0.86297806 0.33891943 0.68070358
0.86586323 0.34355576 0.67834475
0.86869476 0.34821823 0.67602065
0.87147299 0.35290564 0.67373352
0.87419833 0.35761668 0.67148575
0.8768713 0.36235007 0.66927961
0.87949239 0.36710468 0.66711685
0.88206228 0.37187902 0.66500006
0.88458156 0.37667209 0.66293053
0.88705092 0.38148267 0.66090998
0.88947118 0.38630943 0.65894038
0.89184312 0.39115128 0.65702299
0.89416753 0.39600715 0.65515902
0.89644528 0.40087593 0.65334969
0.89867728 0.40575653 0.65159609
0.90086445 0.41064794 0.6498992
0.90300775 0.41554913 0.64825986
0.90510814 0.42045915 0.64667877
0.90716659 0.42537709 0.64515654
0.90918411 0.43030207 0.64369362
0.91116168 0.43523328 0.64229038
0.91310028 0.44016993 0.64094705
0.91500091 0.44511129 0.63966376
0.91686454 0.45005668 0.63844054
0.91869214 0.45500547 0.63727733
0.92048492 0.45995675 0.63617456
0.92224367 0.46491015 0.63513162
0.92396926 0.46986528 0.63414803
0.92566292 0.47482126 0.63322411
0.92732541 0.47977785 0.6323591
0.92895761 0.48473467 0.63155245
0.93056069 0.489691 0.63080423
0.93213518 0.4946469 0.63011319
0.93368234 0.49960159 0.6294795
0.93520273 0.50455508 0.62890199
0.93669725 0.50950704 0.62838014
0.93816695 0.51445695 0.62791368
0.93961226 0.51940499 0.62750124
0.94103411 0.52435079 0.6271424
0.94243352 0.5292939 0.62683679
0.94381087 0.53423455 0.62658308
0.9451669 0.53917257 0.62638053
0.94650233 0.54410781 0.62622838
0.94781792 0.54904011 0.62612595
0.94911441 0.5539693 0.62607252
0.95039225 0.55889553 0.62606698
0.95165203 0.56381875 0.6261085
0.95289435 0.56873896 0.62619623
0.95411973 0.57365616 0.62632929
0.95532872 0.57857038 0.6265068
0.9565218 0.58348168 0.62672789
0.95769942 0.58839013 0.62699166
0.95886218 0.59329569 0.62729738
0.96001055 0.59819843 0.62764422
0.96114474 0.6030986 0.62803111
0.96226509 0.60799635 0.62845714
0.9633719 0.61289186 0.62892141
0.96446554 0.61778523 0.62942312
0.96554679 0.62267622 0.62996192
0.9666153 0.62756553 0.63053633
0.96767122 0.63245339 0.63114548
0.9687154 0.6373395 0.63178917
0.96974757 0.64222443 0.63246618
0.9707675 0.64710868 0.6331754
0.97177641 0.65199166 0.63391708
0.97277321 0.6568745 0.63468942
0.97375861 0.66175697 0.63549231
0.97473234 0.66663955 0.63632482
0.97569439 0.67152252 0.63718629
0.97664481 0.6764061 0.63807621
0.97758333 0.68129073 0.63899384
0.97850985 0.6861767 0.63993865
0.97942435 0.69106424 0.64091025
0.98032602 0.6959541 0.64190771
0.98121566 0.70084593 0.64293142
0.98209177 0.7057409 0.64398008
0.98295476 0.71063888 0.64505393
0.98380415 0.71554033 0.64615262
0.98463897 0.72044601 0.64727555
0.98545943 0.72535587 0.64842306
0.98626492 0.7302704 0.64959496
0.98705444 0.7351903 0.65079091
0.98782745 0.74011596 0.65201102
