0.658308 0.469939 0.049413
0.664337 0.466202 0.057665
0.670209 0.462480 0.065346
0.676043 0.458698 0.072732
0.681752 0.454914 0.079793
0.687403 0.451084 0.086671
0.692950 0.447239 0.093359
0.698426 0.443358 0.099928
0.703812 0.439453 0.106387
0.709121 0.435518 0.112772
0.714345 0.431556 0.119093
0.719493 0.427563 0.125376
0.724556 0.423545 0.131623
0.729549 0.419491 0.137863
0.734452 0.415418 0.144080
0.739295 0.411300 0.150322
0.744038 0.407172 0.156543
0.748737 0.402985 0.162823
0.753323 0.398801 0.169076
0.757881 0.394542 0.175422
0.762333 0.390281 0.181759
0.766732 0.385965 0.188168
0.771052 0.381621 0.194615
0.775295 0.377247 0.201107
0.779487 0.372815 0.207687
0.783585 0.368368 0.214297
0.787638 0.363854 0.221016
0.791611 0.359308 0.227797
0.795506 0.354730 0.234644
0.799354 0.350080 0.241618
0.803117 0.345402 0.248659
0.806810 0.340675 0.255801
0.810445 0.335882 0.263072
0.813997 0.331055 0.270432
0.817477 0.326175 0.277911
0.820894 0.321226 0.285538
0.824227 0.316236 0.293276
0.827477 0.311202 0.301134
0.830664 0.306085 0.309176
0.833763 0.300922 0.317349
0.836773 0.295713 0.325662
0.839697 0.290447 0.334137
0.842539 0.285112 0.342800
0.845283 0.279729 0.351621
0.847927 0.274300 0.360607
0.850468 0.268826 0.369764
0.852911 0.263289 0.379131
0.855242 0.257709 0.388682
0.857457 0.252094 0.398416
0.859550 0.246447 0.408336
0.861518 0.240776 0.418446
0.863354 0.235085 0.428746
0.865057 0.229373 0.439260
0.866616 0.223663 0.449961
0.868026 0.217968 0.460848
0.869280 0.212301 0.471916
0.870373 0.206680 0.483160
0.871298 0.201122 0.494575
0.872049 0.195650 0.506151
0.872621 0.190288 0.517879
0.873007 0.185063 0.529747
0.873202 0.180006 0.541742
0.873201 0.175149 0.553849
0.872998 0.170529 0.566050
0.872591 0.166185 0.578329
0.871974 0.162157 0.590665
0.871144 0.158487 0.603039
0.870100 0.155217 0.615428
0.868838 0.152389 0.627812
0.867359 0.150042 0.640167
0.865660 0.148211 0.652470
0.863743 0.146928 0.664700
0.861607 0.146214 0.676835
0.859255 0.146086 0.688852
0.856688 0.146550 0.700731
0.853908 0.147606 0.712451
0.850919 0.149241 0.723992
0.847723 0.151437 0.735338
0.844324 0.154169 0.746472
0.840726 0.157404 0.757377
0.836934 0.161108 0.768040
0.832951 0.165242 0.778447
0.828782 0.169767 0.788589
0.824432 0.174644 0.798454
0.819906 0.179834 0.808034
0.815207 0.185300 0.817321
0.810341 0.191007 0.826311
0.805312 0.196922 0.834996
0.800125 0.203015 0.843375
0.794784 0.209258 0.851443
0.789293 0.215627 0.859200
0.783657 0.222099 0.866643
0.777879 0.228654 0.873773
0.771963 0.235273 0.880590
0.765913 0.241939 0.887096
0.759733 0.248640 0.893292
0.753424 0.255361 0.899179
0.746991 0.262091 0.904761
0.740435 0.268821 0.910040
0.733761 0.275541 0.915020
0.726969 0.282244 0.919703
0.720062 0.288923 0.924094
0.713041 0.295572 0.928195
0.705909 0.302185 0.932011
0.698667 0.308759 0.935545
0.691316 0.315289 0.938800
0.683857 0.321773 0.941780
0.676290 0.328206 0.944488
0.668616 0.334588 0.946928
0.660835 0.340916 0.949103
0.652948 0.347188 0.951014
0.644954 0.353404 0.952666
0.636852 0.359561 0.954059
0.628643 0.365659 0.955196
0.620325 0.371698 0.956079
0.611898 0.377676 0.956708
0.603361 0.383594 0.957084
0.594713 0.389450 0.957209
0.585952 0.395245 0.957081
0.577079 0.400979 0.956702
0.568090 0.406650 0.956070
0.558987 0.412258 0.955186
0.549767 0.417804 0.954046
0.540430 0.423285 0.952652
0.530976 0.428703 0.951000
0.521405 0.434054 0.949089
0.511716 0.439340 0.946917
0.501911 0.444558 0.944483
0.491990 0.449706 0.941785
0.481956 0.454784 0.938821
0.471810 0.459788 0.935589
0.461558 0.464718 0.932089
0.451198 0.469572 0.928318
0.440739 0.474347 0.924277
0.430187 0.479039 0.919966
0.419552 0.483644 0.915388
0.408841 0.488161 0.910543
0.398064 0.492585 0.905435
0.387234 0.496913 0.900069
0.376362 0.501142 0.894448
0.365461 0.505268 0.888579
0.354547 0.509290 0.882468
0.343638 0.513202 0.876127
0.332753 0.517001 0.869564
0.321912 0.520685 0.862792
0.311134 0.524251 0.855822
0.300440 0.527699 0.848667
0.289853 0.531025 0.841341
0.279396 0.534229 0.833861
0.269092 0.537311 0.826240
0.258963 0.540270 0.818495
0.249032 0.543108 0.810641
0.239322 0.545824 0.802694
0.229857 0.548422 0.794671
0.220655 0.550902 0.786587
0.211736 0.553269 0.778455
0.203118 0.555525 0.770290
0.194817 0.557674 0.762103
0.186847 0.559719 0.753908
0.179218 0.561666 0.745714
0.171942 0.563517 0.737535
0.165023 0.565279 0.729378
0.158461 0.566956 0.721248
0.152255 0.568553 0.713153
0.146399 0.570075 0.705098
0.140883 0.571527 0.697086
0.135694 0.572915 0.689119
0.130814 0.574242 0.681201
0.126222 0.575514 0.673331
0.121895 0.576736 0.665508
0.117807 0.577912 0.657732
0.113926 0.579047 0.650000
0.110223 0.580144 0.642306
0.106667 0.581208 0.634647
0.103226 0.582242 0.627017
0.099870 0.583250 0.619410
0.096568 0.584234 0.611819
0.093294 0.585199 0.604235
0.090024 0.586145 0.596652
0.086735 0.587075 0.589060
0.083412 0.587991 0.581450
0.080042 0.588895 0.573812
0.076621 0.589786 0.566137
0.073149 0.590667 0.558415
0.069635 0.591537 0.550635
0.066101 0.592396 0.542787
0.062579 0.593243 0.534861
0.059113 0.594078 0.526846
0.055768 0.594900 0.518732
0.052625 0.595707 0.510510
0.049789 0.596498 0.502169
0.047383 0.597269 0.493702
0.045551 0.598018 0.485098
0.044444 0.598743 0.476350
0.044213 0.599441 0.467450
0.044989 0.600107 0.458389
0.046866 0.600738 0.449162
0.049890 0.601331 0.439761
0.054056 0.601881 0.430181
0.059322 0.602383 0.420405
0.065608 0.602833 0.410438
0.072820 0.603224 0.400274
0.080862 0.603553 0.389909
0.089644 0.603812 0.379342
0.099090 0.603996 0.368564
0.109146 0.604097 0.357558
0.119741 0.604109 0.346341
0.130827 0.604023 0.334914
0.142380 0.603831 0.323267
0.154385 0.603524 0.311388
0.166791 0.603093 0.299310
0.179598 0.602527 0.287024
0.192800 0.601814 0.274530
0.206345 0.600945 0.261879
0.220273 0.599904 0.249043
0.234498 0.598686 0.236110
0.249044 0.597275 0.223078
0.263820 0.595667 0.210047
0.278810 0.593852 0.197055
0.293915 0.591833 0.184216
0.309063 0.589613 0.171619
0.324156 0.587201 0.159378
0.339106 0.584612 0.147590
0.353796 0.581868 0.136377
0.368179 0.578986 0.125801
0.382160 0.575995 0.115950
0.395728 0.572909 0.106850
0.408819 0.569757 0.098555
0.421481 0.566542 0.091040
0.433650 0.563293 0.084341
0.445389 0.560009 0.078413
0.456724 0.556694 0.073229
0.467650 0.553364 0.068768
0.478191 0.550021 0.064984
0.488397 0.546662 0.061822
0.498289 0.543287 0.059227
0.507891 0.539898 0.057145
0.517225 0.536494 0.055515
0.526312 0.533074 0.054278
0.535172 0.529637 0.053376
0.543825 0.526180 0.052752
0.552289 0.522701 0.052355
0.560582 0.519197 0.052136
0.568717 0.515665 0.052051
0.576710 0.512103 0.052060
0.584575 0.508506 0.052129
0.592321 0.504873 0.052223
0.599962 0.501198 0.052314
0.607506 0.497480 0.052372
0.614962 0.493715 0.052372
0.622340 0.489900 0.052284
0.629647 0.486030 0.052081
0.636889 0.482104 0.051732
0.644076 0.478116 0.051200
0.651213 0.474062 0.050444
0.658308 0.469939 0.049413
