0.9175225467 0.0 0.3938514753
0.9198323348 0.0 0.3730648934
0.9221720811 0.0 0.3503800273
0.924545305 0.0 0.3253050302
0.9269557113 0.0 0.2971118208
0.929407216 0.0 0.264638384
0.9319039737 0.0 0.2258099101
0.9344504085 0.0 0.1761529467
0.9370512485 0.0 0.1011058889
0.9290137757 0.0700663392 0.0
0.9049894148 0.1537456495 0.0
0.8833029214 0.2000737527 0.0
0.8635826137 0.2328576898 0.0
0.8455331477 0.2581508215 0.0
0.8289164812 0.278606299 0.0
0.8135383319 0.2956633455 0.0
0.7992383475 0.310201628 0.0
0.7858828436 0.3228018856 0.0
0.7733593503 0.3338688478 0.0
0.7615724599 0.3436961776 0.0
0.7504406227 0.3525037177 0.0
0.7398936458 0.3604602215 0.0
0.7298707194 0.3676979198 0.0
0.720318844 0.3743222302 0.0
0.711191565 0.3804184411 0.0
0.7024479472 0.3860564417 0.0
0.6940517359 0.3912941461 0.0
0.6859706664 0.3961800223 0.0
0.6781758912 0.4007549942 0.0
0.6706415028 0.4050538923 0.0
0.6633441316 0.409106577 0.0
0.6562626077 0.412938818 0.0
0.6493776725 0.416572991 0.0
0.6426717329 0.4200286348 0.0
0.6361286501 0.4233229013 0.0
0.6297335572 0.4264709217 0.0
0.6234727005 0.4294861065 0.0
0.6173333017 0.4323803942 0.0
0.6113034361 0.435164457 0.0
0.6053719258 0.4378478744 0.0
0.5995282439 0.4404392778 0.0
0.5937624297 0.442946474 0.0
0.5880650119 0.4453765499 0.0
0.5824269387 0.4477359621 0.0
0.5768395138 0.4500306135 0.0
0.5712943379 0.4522659201 0.0
0.5657832531 0.4544468686 0.0
0.5602982911 0.4565780664 0.0
0.5548316237 0.4586637859 0.0
0.5493755144 0.4607080024 0.0
0.5439222716 0.462714429 0.0
0.538464202 0.4646865464 0.0
0.5329935632 0.4666276299 0.0
0.527502516 0.4685407734 0.0
0.5219830742 0.4704289116 0.0
0.5164270529 0.4722948392 0.0
0.5108260128 0.4741412292 0.0
0.5051712006 0.4759706492 0.0
0.4994534836 0.4777855763 0.0
0.4936632791 0.4795884121 0.0
0.4877904744 0.481381495 0.0
0.4818243376 0.4831671134 0.0
0.4757534176 0.4849475174 0.0
0.4695654281 0.4867249306 0.0
0.4632471158 0.4885015611 0.0
0.4567841065 0.4902796129 0.0
0.4501607257 0.4920612969 0.0
0.4433597865 0.4938488416 0.0
0.4363623383 0.4956445053 0.0
0.4291473653 0.4974505869 0.0
0.421691422 0.4992694384 0.0
0.4139681887 0.5011034774 0.0
0.405947923 0.5029552007 0.0
0.3975967776 0.5048271984 0.0
0.3888759391 0.5067221694 0.0
0.3797405288 0.5086429379 0.0
0.3701381773 0.5105924717 0.0
0.3600071479 0.5125739021 0.0
0.3492738173 0.514590546 0.0
0.3378492236 0.5166459302 0.0
0.3256242192 0.5187438187 0.0
0.3124624667 0.5208882437 0.0
0.2981899721 0.5230835394 0.0
0.2825787954 0.5253343815 0.0
0.2653203975 0.5276458315 0.0
0.2459791991 0.5300233871 0.0
0.2239047305 0.5324730404 0.0
0.1980457323 0.5350013448 0.0
0.1664865214 0.5376154918 0.0
0.1249294742 0.5403234014 0.0
0.0575826746 0.5431338259 0.0
0.0 0.5439559024 0.0641056915
0.0 0.5430237569 0.1274625498
0.0 0.5421425464 0.167190021
0.0 0.5413072159 0.1972815581
0.0 0.5405133301 0.2217925375
0.0 0.5397569803 0.2425717297
0.0 0.5390347064 0.2606464364
0.0 0.5383434333 0.2766573334
0.0 0.537680417 0.2910356533
0.0 0.5370431995 0.3040878584
0.0 0.5364295715 0.3160407853
0.0 0.5358375397 0.3270677284
0.0 0.5352652997 0.3373044713
0.0 0.5347112126 0.3468596345
0.0 0.5341737845 0.355821627
0.0 0.53365165 0.3642634724
0.0 0.5331435561 0.3722462561
0.0 0.5326483501 0.3798216447
0.0 0.5321649674 0.387033768
0.0 0.5316924218 0.3939206486
0.0 0.531229797 0.4005153065
0.0 0.5307762381 0.4068466236
0.0 0.5303309453 0.4129400301
0.0 0.5298931673 0.4188180544
0.0 0.5294621962 0.42450077
0.0 0.5290373621 0.4300061598
0.0 0.5286180288 0.4353504179
0.0 0.5282035898 0.4405482005
0.0 0.5277934644 0.4456128363
0.0 0.5273870943 0.450556504
0.0 0.5269839405 0.4553903838
0.0 0.5265834804 0.4601247867
0.0 0.5261852046 0.4647692662
0.0 0.5257886147 0.4693327149
0.0 0.5253932206 0.4738234496
0.0 0.5249985381 0.478249285
0.0 0.5246040863 0.4826176001
0.0 0.5242093856 0.4869353965
0.0 0.5238139551 0.4912093516
0.0 0.5234173103 0.4954458659
0.0 0.523018961 0.4996511069
0.0 0.5226184082 0.5038310496
0.0 0.5222151423 0.5079915136
0.0 0.52180864 0.5121381989
0.0 0.5213983615 0.5162767192
0.0 0.5209837478 0.5204126343
0.0 0.5205642174 0.5245514822
0.0 0.5201391625 0.5286988097
0.0 0.5197079458 0.532860204
0.0 0.5192698961 0.5370413244
0.0 0.5188243037 0.5412479344
0.0 0.5183704157 0.5454859356
0.0 0.5179074303 0.5497614028
0.0 0.5174344903 0.5540806215
0.0 0.5169506768 0.5584501279
0.0 0.5164550008 0.5628767524
0.0 0.5159463945 0.567367666
0.0 0.5154237015 0.5719304331
0.0 0.5148856647 0.5765730678
0.0 0.5143309138 0.5813040981
0.0 0.5137579498 0.5861326373
0.0 0.5131651276 0.591068464
0.0 0.512550636 0.5961221137
0.0 0.5119124735 0.6013049821
0.0 0.5112484217 0.606629444
0.0 0.5105560122 0.6121089896
0.0 0.5098324886 0.6177583826
0.0 0.5090747615 0.6235938436
0.0 0.5082793543 0.6296332636
0.0 0.5074423387 0.6358964562
0.0 0.5065592563 0.6424054533
0.0 0.5056250246 0.6491848571
0.0 0.5046338213 0.6562622602
0.0 0.5035789418 0.6636687495
0.0 0.5024526241 0.6714395153
0.0 0.5012458284 0.6796145931
0.0 0.4999479605 0.6882397721
0.0 0.4985465198 0.6973677179
0.0 0.4970266471 0.7070593722
0.0 0.4953705371 0.7173857119
0.0 0.4935566659 0.7284299844
0.0 0.4915587622 0.7402905771
0.0 0.4893444157 0.7530847466
0.0 0.4868731645 0.7669535286
0.0 0.4840938186 0.7820682963
0.0 0.480940636 0.7986396653
0.0 0.4773277315 0.816929804
0.0 0.4731406811 0.8372698049
0.0 0.468223523 0.8600847732
0.0 0.4623578904 0.8859310473
0.0 0.4552280499 0.9155531554
0.0 0.4463591948 0.9499742196
0.0 0.435001251 0.9906458466
0.1464361875 0.4249215986 1.0
0.2277242562 0.4154960935 1.0
0.2848512465 0.4058234915 1.0
0.3308992972 0.3958713377 1.0
0.3703043669 0.3856028521 1.0
0.4052006841 0.3749759398 1.0
0.4368072313 0.3639419092 1.0
0.4658974494 0.3524437832 1.0
0.4929987204 0.3404140306 1.0
0.5184901609 0.3277714522 1.0
0.5426556438 0.3144167995 1.0
0.5657147867 0.3002264289 1.0
0.5878421543 0.285042791 1.0
0.6091797307 0.2686595838 1.0
0.6298453409 0.2507973765 1.0
0.649938527 0.2310609767 1.0
0.6695447662 0.2088584541 1.0
0.6887385753 0.1832289827 1.0
0.7075858482 0.1524110493 1.0
0.7261456524 0.1124178212 1.0
0.7444716383 0.0483241903 1.0
0.7570254904 0.0 0.9910833174
0.7644832747 0.0 0.9754113928
0.7713937015 0.0 0.9604007383
0.7778234705 0.0 0.9459859908
0.7838289226 0.0 0.9321092162
0.7894580056 0.0 0.9187187937
0.7947518047 0.0 0.9057684935
0.7997457484 0.0 0.8932167069
0.804470566 0.0 0.8810258009
0.808953057 0.0 0.8691615725
0.8132167126 0.0 0.8575927849
0.8172822236 0.0 0.8462907707
0.8211678963 0.0 0.8352290903
0.8248899976 0.0 0.8243832356
0.8284630412 0.0 0.8137303711
0.8319000276 0.0 0.8032491068
0.8352126462 0.0 0.7929192966
0.8384114457 0.0 0.7827218577
0.8415059796 0.0 0.7726386087
0.8445049305 0.0 0.7626521207
0.8474162162 0.0 0.752745581
0.8502470818 0.0 0.7429026652
0.8530041791 0.0 0.7331074163
0.8556936361 0.0 0.7233441286
0.8583211169 0.0 0.7135972338
0.8608918749 0.0 0.7038511891
0.8634107995 0.0 0.6940903624
0.8658824574 0.0 0.6842989158
0.8683111289 0.0 0.6744606827
0.8707008412 0.0 0.664559038
0.8730553968 0.0 0.6545767569
0.8753784011 0.0 0.64449586
0.8776732854 0.0 0.6342974416
0.8799433289 0.0 0.6239614745
0.8821916792 0.0 0.613466588
0.8844213702 0.0 0.6027898102
0.8866353395 0.0 0.5919062662
0.8888364445 0.0 0.5807888215
0.8910274775 0.0 0.5694076539
0.8932111804 0.0 0.5577297357
0.8953902585 0.0 0.5457181996
0.8975673939 0.0 0.5333315518
0.8997452591 0.0 0.5205226847
0.9019265301 0.0 0.5072376195
0.9041138995 0.0 0.4934138818
0.9063100903 0.0 0.4789783665
0.908517869 0.0 0.4638444809
0.9107400604 0.0 0.447908239
0.9129795622 0.0 0.4310427923
0.9152393606 0.0 0.4130905539
0.9175225467 0.0 0.3938514753
